649854979
643434128
644109654
623673351
635011080
613524982
651001867
612188162
649625614
637009935
611385360
640286737
643104787
638998495
625344533
607884633
646152216
626638852
634159130
650280988
612564997
618430496
609757872
624623650
604759935
624492581
624853031
608436264
648445995
617938991
653197360
616267830
619511864
637954727
654082109
619544638
655228991
612237378
629866563
627277892
636398262
641815905
606077002
632422476
631160845
628850768
614400083
607453198
642187350
654114904
651558927
646971487
642613264
623809409
606595772
647299179
605965857
655163504
633634931
652640372
623673461
621871222
642515063
612991096
607813757
640188542
643330295
651886720
604548261
633405571
609419396
618725509
644762949
638419079
624459912
611188873
639303818
609386635
610861201
655261842
611707587
650215572
645922841
647954585
638484634
610353178
628981918
639655370
654508193
621412514
648773659
612401317
627310758
634060967
628293660
615426373
634093740
610533550
636879023
631505072
640975025
607682739
639533236
611516598
628326583
655917242
623378463
627179710
615743679
633635009
614662338
643465411
640680132
649593029
609026081
638320840
620801735
647037135
615252176
626720977
605552850
617480403
646578388
611942613
613908695
609353945
646185178
608239835
617545950
639795237
636611280
653743483
645978871
624918758
624610871
642089194
633307373
605225198
637206768
646807793
612434163
626679654
617447672
652624545
648577274
637698299
629162026
644022526
640778497
616366339
652411141
647004423
640909577
654606604
617939213
605683983
622362898
651985171
634683668
606732566
653896409
609270633
643727645
625115184
643399970
608862500
637174053
648773926
608050033
641297116
642285868
630931506
631406896
627779134
633340214
604537144
639172921
630440383
606251743
623968574
623870274
643825988
643760182
624034118
654868808
633373002
620429645
616628558
631574416
620331347
643170644
619577686
637403479
637807332
644415834
636617052
648806749
653401433
649757024
608502114
646807907
623813259
636092773
632881510
630740369
614072680
620790121
643596652
612172141
645038447
648624187
636002464
650019188
652509246
613351800
629385661
611942778
647922044
650415011
614352071
608806948
640450945
635928962
645693827
616169860
609812869
632521095
639271304
642711947
612663696
606503313
649757078
611942807
613286296
630519615
647004571
615514525
656343455
652444064
648544675
656427139
643629477
605219569
609776964
652738985
642380915
640909744
618135986
627859172
641302966
644860508
618201528
628556218
649003451
620003774
654311871
645398977
648151490
621347268
624918982
623613345
619872713
652872563
628589003
640303481
620061404
652935632
607977937
620495314
648587371
634619815
626000342
619479511
642154969
648675803
654901726
640931237
611451360
647602081
639435234
625476067
629795231
654705125
631804700
625541611
624919020
639024708
644339112
615535951
610664949
640483830
606248252
630432059
642908666
627868155
649888253
610779221
621488896
616598180
648811947
648610310
615885569
608169995
613264219
609828951
645169676
614479738
634318665
642581007
614728208
646692952
645366290
608849507
605074197
613286421
642039897
636421273
630464794
646119964
608797214
652533991
646742561
606732834
646195657
637510425
615285286
614728231
628589099
632783404
653841842
621773359
643695152
653525553
616399410
628080734
604971632
650936890
612172348
610953994
635568703
632711947
639042116
612865462
637469254
649068641
649003593
621052491
611353164
645104207
606634576
621118033
610173522
645399125
624296534
625181271
616104537
629572189
626688606
619254526
647463523
647758437
610370150
626197105
611180164
630325875
653853303
618398329
630480073
636373097
635961981
650216064
637272705
646905963
616956549
622237121
645399095
610304651
650412684
651461261
641139343
646283920
633635474
620659347
633504406
649921179
620495516
612461338
654115486
616694433
626426531
623739556
651526823
652837544
625377961
638354090
607224491
642286252
651935858
638053149
625083057
615908018
606896820
609878709
618791606
647103159
614335160
630358713
625705659
634815164
631134615
616546421
623051457
630719177
626787018
645496951
647398092
648020687
610599634
618933027
638190292
653755099
636469370
638983253
630303525
620102369
628523748
640582375
615056104
648479468
642646765
655327982
609435773
620177253
625235411
625584234
648300084
640343893
609682167
653361913
613253882
631046271
635610571
631997183
606733056
636223616
651068163
644154118
636633217
649691912
614433545
628053463
642745100
639380269
605651728
616497937
631145235
653951764
628261653
653055449
618627864
650379396
613745435
638518044
649507542
626164511
628589345
632226595
621478692
625692200
644317992
604996395
644154156
640221997
625050414
630969821
627606321
629310260
639042359
637043512
643787572
655033146
605651771
644432010
619545408
622658369
646710083
637109060
612598600
616120566
633340748
654377807
644154193
611877714
625869651
652968788
619774806
635218745
605258584
619193431
625705825
642083643
652018532
652673893
627311464
654082924
625148781
644744048
622429042
623149939
636453749
624132982
622363512
637240185
654738299
610599807
608764801
653198212
618988421
653099910
609354633
641141514
628851595
639959949
634790046
635360749
637404048
639468438
653919129
613483418
624266595
620692380
646171107
634389408
611189666
615515043
604537764
629243900
613516200
609271964
614129499
617153451
616453618
614532014
634815408
618171045
639009718
635405240
632128441
629244859
610559322
619948874
646193448
616989632
618824641
607781827
628720580
653263814
606438343
646054857
633570251
623117260
628655055
634454992
611685880
611812307
647915813
616708823
643683833
612729817
610141147
641270748
654803933
609944542
604636128
627606498
638419940
646841317
629965798
617743335
631538664
646059516
629343213
649987057
637964117
618857460
621544437
652084215
654410744
654509054
648217605
646665730
621478926
642798945
627672081
646382610
652936211
624919572
618234902
628694998
653722649
634743643
617972772
633701414
624919591
654082322
613385259
616170540
634368923
636599145
651428917
628229174
649500169
625181753
650336473
625309055
636224575
620692545
609453123
625345606
633865287
618880433
644154442
646906039
608011340
644828449
611386446
620266581
649725017
655754330
651308671
646787028
629310557
650511454
632128607
633209952
645923937
614859874
614827107
633308262
629441639
619724988
651953259
646743148
620921967
614499440
612412264
649299059
625476724
619873397
655656054
647890039
639403129
646087802
645301371
604669052
609191039
625045234
620058707
643400835
611845253
647555185
608371849
648217739
635962509
638092432
622429329
636017576
620201110
624723095
644120772
642090138
639042716
636454045
613024927
611026080
654541985
647693474
630195368
644023465
604538026
652705991
624208754
624500699
615777456
636814513
635405491
612107447
637535416
610123978
638354622
618136770
607880388
652772549
653124315
642909384
637600969
612287681
650872011
615941324
606819874
618202320
621053137
617710802
654251555
650511572
650824941
641608569
609617112
646776025
623699811
606995677
649823454
654459088
618136802
653292350
621549094
624952551
633603304
648670076
635700458
639055581
604767469
620791023
622462192
650151153
628262133
634194301
646907129
652281083
651953406
639992021
637469952
648152321
611386626
629572870
609256711
637732104
628851977
610469130
613188875
627016972
647169250
616498447
620037392
617055505
642024723
616105237
627026484
632455385
611747096
655754524
605118910
624536453
635536675
623248676
653831046
612107558
618693927
643630376
615777579
624457058
613844270
648119601
616170802
606176564
631801143
631379508
633733343
629540156
610141501
654542142
620227697
636486976
636028226
615056707
620449195
618595654
646776135
648407364
645072207
652903761
651855186
635667798
650380631
612599128
644006116
626268154
604902970
618109121
611419488
623314273
607716707
641041764
607110274
646425489
625902953
625050986
644875627
626001260
639404451
649397614
644557873
655059859
652739956
637601141
644301033
641983883
616826237
611681664
636814721
614204802
607290755
620529028
638420358
643958151
624887177
605262992
619408406
622253040
612761837
633505168
650472344
619976259
641631636
650053016
652314012
608142750
615667269
643219696
610469286
612970857
635536809
611386794
628262315
624225181
645760432
634268050
639731122
615252211
611255732
635733429
639403446
607939063
652094367
619218364
620107338
613778878
617678271
620791233
654035417
646481348
625459446
630654406
620658936
634193363
633472469
654280150
639534551
653151601
625575386
618333661
654214624
634914273
628622818
609239291
623838693
638158310
626329063
610239977
651209639
614335983
611478440
624678564
621217268
629605877
626591223
633800184
635917908
616531450
641992187
611812863
640838571
620070404
608273925
651182337
621151752
619873802
646683385
624133645
626786754
640625431
642932080
611680515
622528020
644843029
621348374
637900377
611396527
624920093
607300528
620922402
651429411
616874246
622528038
604636712
620025436
638009607
622331436
630621743
609960200
611681845
655151647
643944565
619578938
612894267
608634431
634848835
634586692
613975622
630745250
619578952
647202378
623242167
630195788
627476045
614008398
622593615
648853645
644744786
609388115
646579796
615286357
639389183
647956058
630457948
616171101
607290974
607917669
648218208
637929057
638617187
605029988
607655526
656275748
639108713
639099762
631204617
654509677
630113487
643499631
640452208
608503409
624756338
627017332
654173626
635962998
649838868
647071354
653166203
652674685
620693118
623543936
634383296
620365442
622855811
635602564
625280646
632412499
617481868
636152893
647825040
648185490
644351635
636749460
642221717
627771030
649004695
609355416
636393071
625575580
643443653
634554017
616564389
609388198
636999281
609730844
609224362
635143851
626263724
614303405
644089519
609191601
656466294
629737141
647021641
647005883
620398271
654018240
605816513
637601474
619349700
610469573
615715433
640196623
634652362
640353995
646866376
642647760
613713617
617547475
633243349
620814880
642746072
605751001
614958812
613156573
620594910
629409503
631736032
616335074
655758971
608567590
636698461
623763114
639895272
646680119
619480813
640190190
627480189
641337073
622462708
613668478
616498935
634881787
627083004
651724541
636454655
616531714
624723716
618301189
645695239
636880648
628721419
622298894
640354063
619573176
643925780
626853655
607651608
615352089
604800795
631696712
619153181
632493701
618104608
619610416
632948517
637044519
629311272
619632556
607422252
617320294
609490568
656148274
656474105
606340916
654313270
627377975
628229944
649016875
618006330
624946143
633453443
640321341
618360789
644384576
604477393
654313284
622200645
640681799
608569166
647038800
654541112
638551893
626080678
618760025
647006042
614762332
605226846
607270687
631867233
638407337
622495588
646842213
653559654
622451580
631932779
653395820
631768944
607744238
625727123
637437812
620103544
625313658
649037691
646678396
614008701
610764670
605390720
633853590
651602924
640124811
652740492
639141775
619284368
623937425
656508818
619570998
616400789
644974487
646317977
615974812
639735450
619448223
613058466
623282084
647071655
615286696
645249115
616105898
651364267
626048624
649168814
605751218
639272883
633178036
606721781
644745145
640321466
638290151
624339957
613582784
643303363
604400630
615597104
605739835
648972236
646776781
651790286
632915919
609028051
653068244
617056215
631244760
630917081
652904411
627214300
656526485
652317410
649267171
621667221
607127529
618006506
613144231
629082093
645597166
649030654
644189078
655067128
653656404
612534266
655198204
635945301
647681707
629186040
634587142
619448327
642385929
627443724
618294274
638004932
612133891
616531990
639436823
638879768
607717402
629475356
653985821
629508126
650938400
630491170
622659619
649496612
652118053
618170406
619839836
650619911
649824302
616431965
652740656
639888392
630261815
640452664
619350074
656199149
619605002
642517058
627607622
653363273
624527434
634385411
613255244
634093922
640878673
641462347
631277651
638945364
624429141
619219030
620992747
628361305
647628890
610830427
624461916
613288029
642353248
614959201
629246051
609224805
642451558
648185959
633833576
655198315
619776109
644253806
640354419
654018676
625344873
634849402
645630075
639273084
648218750
617081995
615843969
626198658
624167043
621463072
645826694
606341255
647408891
618310751
643205260
655177854
648751098
622603257
652413076
643369111
652937370
611322011
643074206
637784052
624003235
628689061
636109169
643401897
621430293
632490157
605620398
634095791
643008689
623642802
632555699
655001780
605030584
620890299
654248125
620759230
626688373
627574976
645302467
614762692
633657036
621698712
608922065
626985165
654805199
610601168
613723171
650250452
609683669
645073111
624733220
618891482
624953566
647170271
642484449
604353230
625661649
605358312
620267753
634161386
613222635
641239276
652937453
624888047
613026032
629803249
627902707
637012212
622823669
640468333
638126328
614336761
621062244
624352342
621550320
610697600
611420419
626198789
614861062
606503297
616892680
648850476
628885772
636553485
646973710
611256591
637536528
627476753
610306323
630884628
643172629
633964823
607508568
605554969
621480218
605449263
630458652
619415838
606079263
647792929
639732002
613091619
633342246
626682929
621467356
651266346
634634631
605915437
641304878
608516773
628689202
639142196
623413557
605360935
647006524
642317742
642615614
617810243
611453253
642996484
654182727
646419737
638290250
611478583
647152013
645073232
607735525
617843028
612090254
620366166
625142841
616761688
647344638
636389724
654674271
622365024
632883554
611195499
610994533
652478824
625477993
631409003
604473711
627835450
646252915
620071284
637733237
612764023
611518840
612469113
609585530
652315004
632162685
620824961
651299202
623905155
628722052
629836165
609225094
644918337
643893640
617617132
645925260
646023566
627214737
614175027
624036243
644188565
619809174
629705111
608373144
653265305
618531226
626133403
638257565
656234077
621906335
625248672
627149219
633473444
604497421
605161898
628044732
621669259
651102638
626756015
638749107
628492725
620661176
634948025
627562453
640245749
616696252
625284853
615844288
613257738
655690179
639320481
638618056
646256375
637602252
642058703
635668945
613976530
654543316
621906392
633735641
621611483
608504284
646305530
613288414
615514533
605640443
639437284
639244093
606177766
644041792
651921897
638823506
629770736
649986472
646482418
629311990
613353975
615935060
623970811
632064509
631671297
653036034
633702917
630972237
637766157
617449999
619219472
640658520
640944658
635046422
630065687
608687876
610732570
656349741
637922240
653363744
608799265
648743458
614173219
629246500
605981223
638093865
638716458
653530887
637536812
645040685
641403438
629312049
642976308
644263294
613616182
653028447
627640892
653574581
625707587
629705284
628487336
631147078
642288201
628001359
642167234
625674833
630622806
654576215
646023768
614500953
625415951
648055389
636717662
632621663
612567648
607273986
629410403
633973939
640158310
649254673
608602728
630522160
630622830
631179888
645859954
609523475
640977524
641270206
607292024
643631737
653822586
619809403
607595626
623086207
607947393
604941419
611715718
629965249
608471688
645833433
650676875
604410786
650480269
614959759
639502992
627808024
604324291
638752537
618465944
613851320
612469405
619874974
642189983
630753952
626494115
653429412
638880421
611420838
620792487
644156074
649530027
618007435
620031308
612272816
653691569
654510770
644035252
618400437
610809351
628703689
612010680
623905465
635243194
613583547
626494140
625445565
607032538
605227711
623907176
615090885
646810310
654510791
618072776
604998345
616467146
623373431
654871247
619514577
627477202
638356179
646220500
608612266
612764376
611650273
609913571
642353892
605227749
606381446
629869287
634323410
623512302
612043503
637995762
612393662
610863861
625674998
619252474
613255932
645355306
632720126
656083712
643894018
649107243
630590212
613124869
633408263
625216265
606898954
638061328
653888273
610929426
604548227
646712084
642934305
625609494
622557451
625380122
617909019
626527009
653608831
604277541
612993831
651725608
609479815
637768896
616139566
645368623
636488496
619350833
616008498
604965688
630527796
649038650
629508923
636881725
656018238
630885184
606931777
618105666
617049227
609848132
647596869
620006215
636881739
613550924
655264589
618072910
632892557
605151691
619088723
628919126
649104215
648315364
651496285
623656586
614337377
649792354
650709859
641862500
630459237
628010129
631789372
618924908
608242542
631002941
612434408
632064882
636801066
626723700
626562878
615025526
650218359
621316988
630360957
654027925
610077568
636944875
617974661
605850502
638421895
635763402
637045641
610012042
614886551
640519052
630328205
630918031
642505495
627444625
618236818
616781635
653953942
651837104
641829784
607259545
625750102
629803935
643009441
616033435
609684388
610077605
621185958
652984817
626428840
645303209
636259242
650611629
604867502
605588399
636488624
655100849
610306995
627084214
652118967
613059512
638064597
606800827
622483274
638225342
626002880
652872642
608450236
621743044
616598472
605850569
639896522
623182327
643108557
651037648
618597329
618138579
629345236
650729294
629279702
611912663
618695642
614763483
640125917
637242334
630393823
631720768
648408230
655592424
605411440
655952874
628223143
639405037
650221970
647203823
642386928
622922737
649661426
650349555
635931636
630426613
616893430
605391863
624593915
650513405
639287808
608963586
636259332
649358728
632458247
632491017
612570967
630885388
620203021
642657453
613911568
637668370
645399043
623106573
643206168
642223133
614272031
614992930
641374043
651725860
625492486
619719857
653986856
632870748
646155306
605973682
640003251
656116788
633605174
638969148
637209659
649727038
623520949
619318336
619449412
609987766
647433286
619810373
655756362
655625294
654055140
638913616
654543958
641821881
608701529
611748954
608812817
636587103
645991520
640565776
650652859
637406308
628034661
643857281
628755560
634794486
613387370
644254828
643858962
615156847
627870832
651136113
649527827
610176116
628599998
636587126
647108457
618204280
608136383
653954172
653465450
634391679
617622720
628853890
629804163
644189316
624888117
625241281
606112905
645794955
640807705
617680013
616631441
628971374
641535127
625478808
655582058
617548955
623916724
654576801
624247323
642705181
637049238
643761050
620793000
634817707
653462702
615278770
620924081
605260979
617628190
642780342
610700471
629839732
628919482
650710203
627764426
651136196
640297058
644123846
620268745
639601867
642026702
623840463
614641317
652578002
606833878
651037911
610026020
623283420
644844766
632720607
629607876
648861563
605391808
638059046
630066407
607882473
635345511
605924562
647236846
620563695
635342065
630361332
651431159
642551032
607882489
647990522
632690559
653292419
610077952
646846336
617778437
606689153
647367944
638583340
647335178
607948043
632458509
635079951
610012432
620072209
641439619
629214484
635178267
653242865
624233762
629574947
624220038
644222246
625738289
629640491
635571502
651824432
648023347
621546805
637078842
633804838
643075388
626972554
624954686
631868735
621940034
627283851
617352516
618152502
632838028
627182922
611910199
635964749
631541070
608360333
641385016
617876818
647564627
632196436
608573326
623119704
607718745
637373786
622497117
648973662
620408037
636161376
624768100
611847522
656317258
621088100
614272359
614174056
634716732
653353526
635997548
648318317
614829422
606244207
611388784
631246193
636816754
630001011
612896117
618794362
630299649
606170346
606506366
609232555
621120900
605522749
638586247
628674347
639765900
650022285
623086991
637701521
634555794
629509523
625110254
647564695
640126360
651398554
617614748
651169181
641240481
621383075
636784036
635276709
607923441
642995960
644749212
650022316
656281007
653141221
616271282
626683123
621101173
614864798
625708470
652007074
631147961
628919739
646483388
619548096
633423971
615984374
633589890
605523399
627062750
604245449
635112906
650907083
627445196
623897848
612891153
622591084
634285305
635924909
616107482
653184863
636718559
630296032
614695504
645336546
623676899
650448357
625836625
637079017
646385130
637144557
625323261
634588656
606558120
627346930
653050451
631789527
653200887
615058938
642411775
619875839
605785601
629280259
652709380
628392534
622693895
641109513
609291787
604245516
622169613
612109840
644517395
642092566
654672708
652493402
633933343
641013680
632196642
655822372
632641897
616861222
632821681
630754856
626855469
617582126
633703983
647728689
631770674
646385203
642846261
631696649
614764088
656379450
641109564
651857470
650874431
607676646
640978498
620695107
615023274
625774149
647040582
656084552
605359086
605785674
636784205
613477645
622890576
647401041
613682771
609063473
643731030
622562903
622792281
639831643
637734492
604805050
656379488
655658594
625366971
628854373
606506598
610459029
653037161
609390186
629498202
611614536
614731377
607377678
638881395
621235030
614403701
653168246
642138729
617064731
621719492
606211711
619712904
607260291
628890922
646221447
619561580
610242186
650907275
644384977
637505427
607275113
641928856
650188740
611159707
648056476
652414622
647270047
630886048
611913379
644353701
605064870
638946985
649793194
620695211
640139890
656445103
655192091
636751537
640028339
644288180
648220348
604999357
637079230
640230516
616861381
632721094
626715937
651824841
642191050
632393419
652684578
623873743
647139028
622956249
605575119
638687984
606090033
618076212
629313250
649891555
645074660
608185638
607227623
643108584
632786665
634285351
620255186
652590421
649760495
653856501
608603894
633016055
605622009
636063484
627052285
612978729
613650175
613133611
632488577
656117515
609626143
628330253
629214991
637767442
640205443
629018388
619417366
629346071
638914329
653786719
624383236
655593246
625410693
646319904
642682657
611847971
615943972
638684966
635252784
647991080
614469418
617746219
647368492
625413933
641077038
632131376
643239729
644648756
632559582
632459062
637964088
637646724
618403807
638123548
626495296
616978400
653987650
650088259
636882757
607524833
609193802
606375755
605624290
656445262
604606289
641329763
632182755
654544724
612157114
631279448
642125660
638244837
616873791
644419427
629871311
614764390
621397530
623700977
630525803
634687340
646372811
644787365
615894688
636391284
608014197
613027703
614961016
633409402
637931387
608536467
614259490
619089793
618708035
626846721
618893189
649924486
613105029
653758345
639668106
619563428
636784524
630761696
613977999
619777936
634458002
642551699
649365464
645369749
620400535
624815428
638128028
625741725
647663519
606670753
654344859
625151908
620637510
631017384
627573404
621186986
619764197
623546288
622071729
614141874
640931827
625414068
653561781
604409782
640815034
618991548
613552066
628395972
615744161
619352008
635170124
649166387
628428752
637722017
628756434
641798099
654053335
616796120
649495204
611757391
620451834
612405215
631560406
616501217
639012834
643773425
652611558
645795816
640487403
606277612
633608189
648876016
606408691
604606452
625427113
629607284
628133883
649233066
654381054
654643200
621254656
655462402
608800772
615092229
621613063
652283912
629051401
609561943
655338314
643665933
620171278
627838991
651464720
656150545
652414994
607817748
654315542
654093657
632983576
604606489
626724890
638750747
653093162
640847901
635637790
652854693
624791584
619614248
630593729
610635821
643207215
645435440
636688392
639569972
619614262
615125047
613748793
622858298
635983882
617484351
624824386
629641284
640127045
618680710
623808583
622137417
617910347
606907746
606212174
649597009
637472853
604603065
634720345
652185695
614010979
643666022
615911527
635670633
645959786
635120999
617386092
628723821
637407342
655495280
632983665
656314483
604255858
614207611
634228860
639309617
635932799
624824451
619483272
649531529
634622092
631237997
653529232
638951727
644190354
619548819
633933974
635572375
649839300
616508783
617708516
613617822
647794848
637988208
639045794
641667236
636391591
637955526
629938204
634753196
634917039
636096688
643764401
610941328
641634483
652611764
655069365
641982090
614338743
638685368
612208825
649433274
606113979
624758972
652480701
643895486
642789233
626757824
613945537
639570115
608033467
647991494
617451719
633245896
610799817
641248631
605720780
638554317
625152206
614548173
648155344
627289464
639209682
615977172
605098197
644771193
644780249
611566287
605458652
605688029
635803685
647041248
655429859
619700268
617517285
616665320
624955625
613683434
616534255
626233584
631443697
615092466
648810739
629674228
651006197
606900470
649287721
630001912
628429049
634214442
622760191
632553344
648417539
653955332
653070599
620622928
622694665
636096779
651071756
642224397
654381327
647926033
644190482
620990740
