649854979
643434128
644109654
623673351
635011080
613524982
651001867
612188162
649625614
637009935
611385360
640286737
643104787
638998495
625344533
607884633
646152216
626638852
634159130
650280988
612564997
618430496
609757872
624623650
604759935
624492581
624853031
608436264
648445995
617938991
653197360
616267830
619511864
637954727
654082109
619544638
655228991
612237378
629866563
627277892
636398262
641815905
606077002
632422476
631160845
628850768
614400083
607453198
642187350
654114904
651558927
646971487
642613264
623809409
606595772
647299179
605965857
655163504
633634931
652640372
623673461
621871222
642515063
612991096
607813757
640188542
643330295
651886720
604548261
633405571
609419396
618725509
644762949
638419079
624459912
611188873
639303818
609386635
610861201
655261842
611707587
650215572
645922841
647954585
638484634
610353178
628981918
639655370
654508193
621412514
648773659
612401317
627310758
634060967
628293660
615426373
634093740
610533550
636879023
631505072
640975025
607682739
639533236
611516598
628326583
655917242
623378463
627179710
615743679
633635009
614662338
643465411
640680132
649593029
609026081
638320840
620801735
647037135
615252176
626720977
605552850
617480403
646578388
611942613
613908695
609353945
646185178
608239835
617545950
639795237
636611280
653743483
645978871
624918758
624610871
642089194
633307373
605225198
637206768
646807793
612434163
626679654
634028278
617447672
652624545
648577274
637698299
629162026
644022526
640778497
616366339
652411141
647004423
640909577
654606604
617939213
605683983
622362898
651985171
634683668
606732566
653896409
609270633
643727645
625115184
643399970
608862500
637174053
648773926
608050033
641297116
642285868
630931506
631406896
627779134
633340214
604537144
639172921
630440383
606251743
623968574
623870274
643825988
643760182
624034118
654868808
633373002
620429645
616628558
631574416
620331347
643170644
619577686
637403479
637807332
644415834
636617052
648806749
653401433
649757024
608502114
646807907
623813259
636092773
632881510
630740369
614072680
620790121
643596652
612172141
645038447
648624187
636002464
650019188
652509246
613351800
629385661
611942778
647922044
650415011
614352071
608806948
640450945
635928962
645693827
616169860
609812869
632521095
639271304
642711947
612663696
606503313
620265876
649757078
611942807
613286296
630519615
647004571
615514525
656343455
652444064
648544675
656427139
643629477
605219569
609776964
652738985
642380915
640909744
618135986
627859172
641302966
644860508
618201528
628556218
649003451
620003774
654311871
645398977
648151490
621347268
624918982
623613345
619872713
652872563
628589003
640303481
620061404
652935632
607977937
620495314
648587371
634619815
626000342
619479511
642154969
648675803
654901726
640931237
611451360
647602081
639435234
625476067
629795231
654705125
631804700
625541611
624919020
639024708
644339112
615535951
610664949
640483830
606248252
630432059
642908666
627868155
649888253
610779221
621488896
616598180
648811947
648610310
615885569
608169995
613264219
609828951
645169676
614479738
634318665
642581007
614728208
646692952
645366290
608849507
605074197
613286421
642039897
636421273
630464794
646119964
608797214
652533991
646742561
606732834
646195657
637510425
615285286
614728231
628589099
632783404
653841842
621773359
643695152
653525553
616399410
628080734
604971632
650936890
612172348
610953994
635568703
632711947
639042116
612865462
637469254
649068641
649003593
621052491
611353164
645104207
606634576
621118033
610173522
645399125
624296534
625181271
616104537
629572189
626688606
619254526
647463523
647758437
610370150
626197105
611180164
630325875
653853303
618398329
630480073
636373097
635961981
650216064
637272705
646905963
616956549
622237121
645399095
610304651
650412684
651461261
641139343
646283920
633635474
620659347
633504406
649921179
620495516
612461338
654115486
616694433
626426531
623739556
651526823
652837544
625377961
638354090
607224491
642286252
651935858
638053149
625083057
615908018
606896820
609878709
618791606
647103159
614335160
630358713
625705659
634815164
631134615
616546421
623051457
630719177
626787018
645496951
647398092
648020687
610599634
618933027
638190292
653755099
636469370
638983253
630303525
620102369
628523748
640582375
615056104
648479468
642646765
655327982
609435773
620177253
625235411
625584234
648300084
640343893
609682167
653361913
613253882
631046271
635610571
631997183
606733056
636223616
651068163
644154118
636633217
649691912
614433545
628053463
642745100
639380269
605651728
616497937
631145235
653951764
628261653
653055449
618627864
650379396
613745435
638518044
649507542
626164511
628589345
632226595
621478692
625692200
644317992
604996395
644154156
640221997
625050414
630969821
627606321
629310260
639042359
637043512
643787572
655033146
605651771
644432010
619545408
622658369
646710083
637109060
612598600
616120566
633340748
654377807
644154193
611877714
625869651
652968788
619774806
635218745
605258584
619193431
625705825
642083643
652018532
652673893
627311464
654082924
